1 1 1 4 1 4 4 4 4 4 4 1 1 1 1 1 1 1 1 0 0 9 1
2 2 3 3 3 3 3 3 3 3 3 2 3 3 3 3 3 3 3 3 3 3 2
7 7 2 7 7 7 7 7 7 7 7 7 7 7 7 7 7 7 7 7 7 7 7
2 2 2 2 2 2 2 2 2 2 2 2 2 2 2 2 2 2 2 2 2 2 2
2 2 6 2 2 2 2 2 2 2 2 2 2 2 2 2 2 2 2 2 2 2 2
7 7 7 7 7 7 7 7 7 7 7 7 8 7 7 8 7 7 7 7 7 7 7
7 7 7 7 7 7 7 7 7 7 7 7 7 7 7 8 7 7 7 7 7 7 7
7 7 7 7 7 7 7 7 7 7 7 7 7 7 7 8 7 7 7 7 7 7 7
9 9 9 9 9 9 9 9 9 9 9 9 9 9 9 8 9 9 9 9 9 9 9
9 9 9 9 9 9 9 9 9 9 9 9 9 9 9 9 9 9 8 9 9 9 9
9 9 9 9 9 9 9 9 9 9 9 9 9 9 9 9 9 8 9 9 9 9 9
2 2 2 2 2 2 2 2 2 2 2 2 2 2 2 2 2 8 2 2 2 2 2
2 5 5 5 2 5 5 5 5 5 5 5 5 5 5 5 5 5 5 5 5 5 2
9 2 9 9 9 9 9 9 9 9 9 9 9 9 9 9 9 9 9 9 9 9 9
5 2 5 5 5 5 5 5 5 5 5 5 5 5 5 5 5 5 5 5 5 5 2
9 9 9 9 9 9 9 9 9 2 2 9 9 9 9 9 9 9 9 9 9 9 9
5 2 5 5 5 5 5 5 5 5 5 5 5 5 5 5 5 5 5 5 5 5 5

