1 12 2 17 13 17	17 17 17 17 17 1 5 6 10 7 8 11 9 0 0 18	1
1 1 17 17 17 17 17 17 17 17 17 1 17 17 17 17 17 17 17 17 17 17 1
17 17 3	17 17 17 17 17 17 17 17 17 17 17 17 17 17 17 17 17 17 17 17
3 3 4 3 3 3 3 3 3 3 3 3 3 3 3 3 3 3 3 3 3 3 3
3 3 0 3 3 3 3 3 3 3 3 3 3 3 3 3 3 3 3 3 3 3 3
17 17 17 17 17 17 17 17 17 17 17 17 17 17 17 17 17 17 17 17 17 17 17 
17 17 17 17 17 17 17 17 17 17 17 17 17 17 17 17 17 17 17 17 17 17 17
17 17 17 17 17 17 17 17 17 17 17 17 17 17 17 17	17 17 17 17 17 17 17
18 18 18 18 18 18 18 18	18 18 18 18 18 18 18 17	18 18 18 18 18 18 18
18 18 18 18 18 18 18 18	18 18 18 18 18 18 18 18	18 18 17 18 18 18 18
18 18 18 18 18 18 18 18	18 18 18 18 18 18 17 18	18 18 18 18 18	18 18
11 11 11 11 11 11 11 11 11 11 11 11 11 11 11 11 11 17 11 11 11 11 11 
12 17 17 17 14 17 17 17 17 17 17 17 17 17 17 17 17 17 17 17 17 17 12
18 14 18 18 18 18 18 18	18 18 18 18 18 18 18 18	18 18 18 18 18 18 18
17 14 17 17 17 17 17 17 17 17 17 17 17 17 17 17 17 17 17 17 17 17 15
18 18 18 18 18 18 18 18	18 16 16 18 18 18 18 18	18 18 18 18 18 18 18
17 16 17 17 17 17 17 17 17 17 17 17 17 17 17 17 17 17 17 17 17 17 17